1 1 6 0 11 14 15 18 19
2 2 10 0 1 2 4 6 12 14 15 18 19
3 3 7 0 6 14 15 16 18 19
4 4 9 0 1 2 6 12 14 15 18 19
5 5 10 0 4 5 11 12 14 15 16 18 19
6 6 8 1 3 4 12 14 15 18 19
7 7 8 1 3 4 6 12 14 18 19
8 8 8 3 4 6 12 14 15 18 19
9 9 8 0 1 12 14 15 16 18 19
10 10 9 0 2 3 6 12 14 16 18 19
11 11 11 0 2 3 4 6 12 14 15 16 18 19
12 12 8 0 1 4 6 12 14 18 19
13 13 10 2 3 4 6 12 13 14 15 18 19
14 14 8 0 1 11 12 14 15 18 19
15 15 12 0 2 4 5 6 11 12 14 15 16 18 19
16 16 9 0 1 4 6 12 14 16 18 19
17 17 9 0 1 6 12 14 15 16 18 19
18 18 7 1 6 12 14 15 18 19
19 19 7 0 4 6 14 16 18 19
20 20 6 0 1 11 12 15 18
21 21 10 0 3 4 6 12 14 15 16 18 19
22 22 11 0 1 3 4 6 12 14 15 16 18 19
23 23 6 2 6 14 15 18 19
24 24 6 0 4 6 12 14 19
25 25 3 14 18 19
26 26 11 0 1 3 4 6 12 14 15 16 18 19
27 27 10 0 2 6 11 12 14 15 16 18 19
28 28 6 3 4 6 14 15 18
29 29 12 0 1 2 3 4 6 11 12 14 15 18 19
30 30 9 0 1 3 4 12 14 16 18 19
31 31 7 0 1 3 12 14 15 18
32 32 8 2 3 6 12 14 15 18 19
33 33 6 0 1 12 14 18 19
34 34 8 3 4 6 12 14 15 18 19
35 35 4 1 2 6 12
36 36 8 2 3 4 6 14 15 18 19
37 37 2 15 18
38 38 8 0 6 12 14 15 16 18 19
39 39 8 0 3 4 14 15 16 18 19
40 40 12 0 2 3 4 6 11 12 13 14 15 18 19
41 41 7 0 3 4 14 15 18 19
42 42 5 1 6 14 15 18
43 43 11 0 1 3 4 6 12 14 15 16 18 19
44 44 9 1 3 4 6 12 14 15 18 19
45 45 8 1 2 6 12 14 15 18 19
46 46 8 1 2 6 12 14 15 18 19
47 47 7 0 1 12 14 15 18 19
48 48 10 1 3 4 5 6 12 14 15 18 19
49 49 9 0 1 4 6 12 14 15 18 19
50 50 9 0 1 2 4 6 12 14 16 19
51 51 12 0 1 2 3 4 6 12 14 15 16 18 19
52 52 9 0 1 2 6 12 14 16 18 19
53 53 3 14 18 19
54 54 7 2 6 12 14 15 18 19
55 55 6 1 3 6 12 14 18
56 56 3 1 12 18
57 57 10 0 2 3 6 11 14 15 16 18 19
58 58 6 0 14 15 16 18 19
59 59 5 0 1 12 15 18
60 60 4 0 1 12 18
61 61 7 1 6 12 14 15 18 19
62 62 12 0 1 2 3 4 6 12 14 15 16 18 19
63 63 12 0 1 2 3 4 6 11 12 14 15 18 19
64 64 11 0 1 2 4 6 12 14 15 16 18 19
65 65 6 4 5 12 14 15 18
66 66 10 0 2 3 4 6 14 15 16 18 19
67 67 4 3 4 14 18
68 68 7 0 4 6 12 14 18 19
69 69 4 6 12 18 19
70 70 12 0 1 2 3 4 6 12 14 15 16 18 19
71 71 11 0 1 3 4 6 11 12 14 15 18 19
72 72 5 0 1 12 15 18
73 73 12 0 1 2 4 5 6 12 13 14 16 18 19
74 74 5 2 4 6 14 19
75 75 7 0 4 6 12 14 15 19
76 76 11 0 1 3 4 6 12 14 15 16 18 19
77 77 6 1 3 12 14 18 19
78 78 12 0 1 2 3 6 11 12 13 14 15 18 19
79 79 5 4 5 14 15 18
80 80 10 1 2 4 5 6 12 14 16 18 19
81 81 8 2 3 4 6 14 15 18 19
82 82 10 0 1 3 4 12 14 15 16 18 19
83 83 4 6 12 18 19
84 84 5 3 4 12 14 18
85 85 7 3 4 6 14 15 18 19
86 86 6 3 6 14 15 18 19
87 87 5 2 6 14 15 18
88 88 11 0 1 2 3 4 6 12 14 15 18 19
89 89 10 0 4 6 11 12 13 14 15 18 19
90 90 8 2 3 4 6 14 15 18 19
91 91 8 0 1 12 14 15 16 18 19
92 92 5 4 14 15 18 19
93 93 8 0 1 12 14 15 16 18 19
94 94 8 1 2 6 12 14 15 18 19
95 95 7 0 6 14 15 16 18 19
96 96 7 1 2 6 12 14 18 19
97 97 7 2 3 13 14 15 18 19
98 98 2 15 18
99 99 6 3 4 6 14 18 19
100 100 7 3 4 12 14 15 18 19
101 101 8 0 3 6 14 15 16 18 19
102 102 6 0 2 11 14 15 18
103 103 9 0 2 4 6 14 15 16 18 19
104 104 7 2 3 6 14 15 18 19
105 105 10 0 1 2 3 6 12 14 15 18 19
106 106 8 1 3 4 6 12 14 15 18
107 107 8 3 4 6 12 14 15 18 19
108 108 8 0 1 4 6 12 14 18 19
109 109 6 0 1 12 14 18 19
110 110 7 1 2 13 14 15 18 19
111 111 8 1 3 4 6 12 14 18 19
112 112 11 0 3 4 6 11 12 14 15 16 18 19
113 113 9 0 1 4 12 14 15 16 18 19
114 114 12 0 1 2 4 5 6 12 14 15 16 18 19
115 115 9 0 1 2 6 12 14 15 18 19
116 116 7 2 4 6 14 15 18 19
117 117 8 0 1 6 12 14 15 18 19
118 118 13 0 1 2 3 4 6 12 13 14 15 16 18 19
119 119 8 1 3 4 12 14 15 18 19
120 120 9 0 1 3 4 11 14 15 18 19
121 121 6 6 12 14 15 18 19
122 122 10 2 3 4 5 6 12 14 15 18 19
123 123 11 0 1 2 6 12 13 14 15 16 18 19
124 124 4 4 5 14 18
125 125 7 0 6 14 15 16 18 19
126 126 9 1 3 4 6 12 14 15 18 19
127 127 9 0 3 4 12 14 15 16 18 19
128 128 4 6 14 18 19
129 129 8 2 3 4 6 14 15 18 19
130 130 8 1 3 6 12 14 15 18 19
131 131 9 2 3 4 6 12 14 15 18 19
132 132 6 2 6 12 14 18 19
133 133 7 0 1 12 14 16 18 19
134 134 11 0 1 2 4 6 12 14 15 16 18 19
135 135 6 0 2 6 14 16 19
136 136 5 3 14 15 18 19
137 137 8 0 1 12 14 15 16 18 19
138 138 9 0 1 2 6 12 14 15 18 19
139 139 6 0 14 15 16 18 19
140 140 7 2 3 4 6 14 18 19
141 141 10 1 2 3 4 6 12 14 15 18 19
142 142 4 1 12 14 19
143 143 6 0 1 3 4 12 18
144 144 8 3 4 5 6 14 15 18 19
145 145 10 0 2 3 4 6 14 15 16 18 19
146 146 10 0 2 3 4 6 12 14 15 18 19
147 147 10 0 1 3 4 6 12 14 15 18 19
148 148 12 0 2 3 4 5 6 12 14 15 16 18 19
149 149 10 0 1 3 4 6 12 14 15 18 19
150 150 5 3 4 14 18 19
151 151 7 0 1 12 14 15 18 19
152 152 8 0 1 6 12 14 15 18 19
153 153 9 0 2 3 4 6 12 14 18 19
154 154 9 0 1 4 6 12 14 15 18 19
155 155 4 6 14 18 19
156 156 6 0 4 6 12 14 19
157 157 6 2 3 4 14 18 19
158 158 7 0 3 11 14 16 18 19
159 159 10 0 1 2 6 12 14 15 16 18 19
160 160 9 0 1 11 12 14 15 16 18 19
161 161 5 6 14 15 18 19
162 162 2 16 19
163 163 7 2 6 12 14 15 18 19
164 164 9 1 2 3 6 12 14 15 18 19
165 165 8 0 1 2 12 14 15 18 19
166 166 10 1 2 4 5 6 12 14 15 18 19
167 167 4 4 5 14 18
168 168 10 1 2 3 4 6 12 14 15 18 19
169 169 8 2 3 4 6 14 16 18 19
170 170 10 1 2 3 4 6 12 14 15 18 19
171 171 9 0 1 4 6 12 14 15 18 19
172 172 6 1 12 14 15 18 19
173 173 9 1 2 6 12 13 14 15 18 19
174 174 7 3 6 12 14 15 18 19
175 175 11 0 1 2 3 4 6 12 14 15 18 19
176 176 9 0 1 2 12 13 14 15 18 19
177 177 11 0 1 2 3 4 6 12 14 15 18 19
178 178 9 0 2 4 6 12 14 15 18 19
179 179 11 0 1 2 3 4 6 12 14 15 18 19
180 180 9 0 2 4 6 12 14 15 18 19
181 181 10 1 3 4 6 12 14 15 16 18 19
182 182 8 2 3 4 5 6 14 18 19
183 183 8 0 2 4 6 12 13 14 19
184 184 9 0 1 2 6 11 12 14 18 19
185 185 7 2 6 12 14 15 18 19
186 186 7 2 6 12 14 15 18 19
187 187 7 2 6 13 14 15 18 19
188 188 4 6 14 18 19
189 189 9 0 1 12 13 14 15 16 18 19
190 190 6 1 4 14 15 18 19
191 191 7 3 4 5 14 15 18 19
192 192 6 0 14 15 16 18 19
193 193 7 2 4 5 6 14 18 19
194 194 13 0 1 2 3 4 6 11 12 14 15 16 18 19
195 195 10 0 1 4 6 12 14 15 16 18 19
196 196 3 1 12 18
197 197 4 6 14 18 19
198 198 10 0 1 4 5 12 14 15 16 18 19
199 199 8 0 3 4 6 14 15 18 19
200 200 11 0 1 2 3 4 6 12 14 15 18 19
201 201 7 1 2 6 12 14 18 19
202 202 9 2 3 4 6 12 14 15 18 19
203 203 4 0 1 12 18
204 204 8 0 4 5 14 15 16 18 19
205 205 10 0 1 4 6 11 12 14 15 18 19
206 206 9 2 3 4 6 13 14 15 18 19
207 207 5 3 4 14 15 18
208 208 8 1 3 4 12 14 15 18 19
209 209 5 2 6 14 18 19
210 210 6 3 4 12 14 18 19
211 211 6 1 12 14 15 18 19
212 212 8 0 2 6 14 15 16 18 19
213 213 8 0 1 4 6 12 14 18 19
214 214 7 0 4 6 12 14 18 19
215 215 6 6 12 14 15 18 19
216 216 7 0 4 6 12 14 18 19
217 217 7 0 4 5 14 16 18 19
218 218 10 0 1 3 4 6 12 14 15 18 19
219 219 6 3 6 14 15 18 19
220 220 6 1 6 12 14 18 19
221 221 7 2 4 6 14 15 18 19
222 222 11 0 1 2 4 6 12 14 15 16 18 19
223 223 6 2 3 6 14 18 19
224 224 10 0 1 2 6 12 14 15 16 18 19
225 225 5 6 12 14 18 19
226 226 7 1 6 12 14 15 18 19
227 227 4 1 12 14 19
228 228 11 0 1 2 4 6 12 13 14 15 18 19
229 229 9 0 1 3 12 14 15 16 18 19
230 230 5 3 6 14 18 19
231 231 6 0 4 6 12 14 19
232 232 8 3 4 6 12 14 15 18 19
233 233 8 0 1 6 12 14 16 18 19
234 234 8 0 2 6 14 15 16 18 19
235 235 8 0 6 12 14 15 16 18 19
236 236 10 0 2 4 6 12 14 15 16 18 19
237 237 9 0 1 3 4 11 12 14 16 18
238 238 7 0 6 12 14 15 18 19
239 239 10 1 2 3 4 6 12 13 14 18 19
240 240 6 3 6 12 14 18 19
241 241 8 0 3 6 12 14 16 18 19
242 242 7 0 1 12 14 16 18 19
243 243 5 6 12 14 18 19
244 244 9 1 2 3 4 6 12 14 18 19
245 245 9 1 2 6 12 14 15 16 18 19
246 246 8 0 1 4 12 14 15 18 19
247 247 3 2 6 14
248 248 12 0 1 2 3 4 5 6 12 14 15 18 19
249 249 12 0 1 2 3 4 6 11 12 14 15 18 19
250 250 12 0 1 3 4 6 11 12 14 15 16 18 19
251 251 11 0 2 3 4 6 12 14 15 16 18 19
252 252 7 1 2 6 12 14 18 19
253 253 5 3 4 11 14 18
254 254 10 0 1 3 4 6 12 14 15 18 19
255 255 9 0 1 2 6 12 14 15 18 19
256 256 9 2 3 4 6 12 14 15 18 19
257 257 10 0 1 3 4 11 12 14 15 18 19
258 258 5 0 1 14 18 19
259 259 9 1 2 3 4 6 12 14 18 19
260 260 10 0 2 4 6 12 14 15 16 18 19
261 261 2 15 18
262 262 7 3 6 12 14 15 18 19
263 263 9 2 3 4 6 12 14 15 18 19
264 264 9 2 3 4 6 12 14 15 18 19
265 265 10 2 3 4 5 6 12 14 15 18 19
266 266 9 0 2 4 6 12 14 16 18 19
267 267 8 1 6 12 14 15 16 18 19
268 268 4 0 14 16 19
269 269 10 1 2 3 4 6 12 14 15 18 19
270 270 10 0 1 4 6 12 14 15 16 18 19
271 271 10 0 1 3 6 12 14 15 16 18 19
272 272 6 1 12 14 15 18 19
273 273 6 2 6 14 15 18 19
274 274 3 6 12 19
275 275 9 0 1 2 6 12 14 15 18 19
276 276 8 0 1 6 12 14 16 18 19
277 277 8 0 1 6 11 14 16 18 19
278 278 5 6 12 14 18 19
279 279 12 0 1 3 4 5 6 12 14 15 16 18 19
280 280 5 0 4 6 12 14
281 281 10 0 1 4 5 6 12 14 16 18 19
282 282 10 0 2 3 4 6 14 15 16 18 19
283 283 10 0 2 4 5 6 14 15 16 18 19
284 284 8 0 4 6 12 14 15 18 19
285 285 4 14 15 18 19
286 286 6 1 3 4 12 14 18
287 287 7 0 6 11 12 15 18 19
288 288 7 2 6 12 14 15 18 19
289 289 5 1 12 14 15 18
290 290 8 0 1 4 6 12 14 18 19
291 291 8 2 4 5 6 14 15 18 19
292 292 10 0 1 4 6 12 14 15 16 18 19
293 293 8 0 4 6 12 14 15 18 19
294 294 9 2 3 4 6 12 14 15 18 19
295 295 9 1 3 4 6 12 14 15 18 19
296 296 6 0 4 6 12 14 19
297 297 12 0 1 2 3 4 6 12 14 15 16 18 19
298 298 8 1 3 4 12 14 15 18 19
299 299 10 2 4 5 6 11 12 14 15 18 19
300 300 12 0 1 2 3 4 6 11 12 14 15 18 19
301 301 7 0 2 6 14 15 18 19
302 302 6 1 3 4 14 15 18
303 303 9 1 2 4 6 12 14 15 18 19
304 304 11 0 1 2 4 6 12 14 15 16 18 19
305 305 9 1 2 4 6 12 14 15 18 19
306 306 6 0 4 6 12 14 19
307 307 6 1 6 12 15 18 19
308 308 11 0 2 3 4 6 12 14 15 16 18 19
309 309 10 0 1 4 5 6 12 14 15 18 19
310 310 6 0 1 12 14 18 19
311 311 13 0 1 2 3 4 5 6 11 12 14 16 18 19
312 312 12 0 1 3 4 5 6 12 14 15 16 18 19
313 313 9 1 2 6 12 13 14 15 18 19
314 314 5 6 12 14 18 19
315 315 8 1 3 4 12 14 15 18 19
316 316 6 1 6 12 14 18 19
317 317 3 14 15 18
318 318 6 0 14 15 16 18 19
319 319 7 0 2 6 11 14 15 18
320 320 11 0 2 3 4 6 12 14 15 16 18 19
321 321 10 0 1 3 4 12 14 15 16 18 19
322 322 7 0 1 11 12 14 18 19
323 323 5 1 4 12 14 19
324 324 8 1 3 6 12 14 15 18 19
325 325 9 0 2 6 12 14 15 16 18 19
326 326 9 0 3 4 11 14 15 16 18 19
327 327 7 2 6 12 14 15 18 19
328 328 9 0 2 3 4 6 11 14 18 19
329 329 9 0 1 2 6 12 14 15 18 19
330 330 9 0 2 3 6 12 14 15 18 19
331 331 8 0 4 6 11 12 14 18 19
332 332 8 0 1 6 11 12 14 18 19
333 333 9 0 1 6 12 14 15 16 18 19
334 334 12 0 1 2 4 6 12 13 14 15 16 18 19
335 335 11 0 1 3 4 5 6 12 14 15 18 19
336 336 7 1 4 12 14 15 18 19
337 337 6 1 6 12 14 18 19
338 338 9 0 3 4 6 12 14 15 18 19
339 339 9 0 1 2 6 12 14 15 18 19
340 340 5 0 1 12 14 18
341 341 7 0 3 14 15 16 18 19
342 342 10 0 1 2 3 6 12 14 15 18 19
343 343 7 0 1 2 6 12 14 18
344 344 4 3 14 18 19
345 345 9 1 2 3 6 12 14 15 18 19
346 346 11 0 1 3 4 6 12 14 15 16 18 19
347 347 9 0 2 4 6 12 14 15 18 19
348 348 7 0 4 6 12 14 18 19
349 349 5 0 12 14 18 19
350 350 9 0 1 2 3 4 6 14 15 18
351 351 7 0 1 12 14 15 18 19
352 352 11 0 1 2 3 4 6 12 14 15 18 19
353 353 11 0 1 2 3 6 11 12 14 15 18 19
354 354 9 0 2 3 6 11 14 15 18 19
355 355 5 2 6 14 18 19
356 356 9 2 3 4 5 6 14 15 18 19
357 357 6 2 6 12 14 18 19
358 358 4 3 4 14 18
359 359 10 0 1 2 4 6 12 14 15 18 19
360 360 6 4 5 6 14 18 19
361 361 9 0 1 4 6 12 14 15 18 19
362 362 13 0 1 2 3 4 6 12 13 14 15 16 18 19
363 363 5 0 1 12 15 18
364 364 6 2 3 4 6 14 18
365 365 8 0 1 4 12 14 15 18 19
366 366 12 0 1 2 3 4 6 12 13 14 15 18 19
367 367 7 2 3 4 6 14 15 18
368 368 7 2 6 12 14 15 18 19
369 369 10 0 1 2 3 6 12 14 15 18 19
370 370 7 2 3 4 6 14 18 19
371 371 9 0 1 3 4 6 12 14 18 19
372 372 6 2 6 14 15 18 19
373 373 11 0 1 2 3 4 6 12 14 15 18 19
374 374 8 0 4 5 14 15 16 18 19
375 375 3 3 14 18
376 376 8 1 3 4 12 14 15 18 19
377 377 9 0 1 3 6 12 14 15 18 19
378 378 5 4 14 15 18 19
379 379 7 2 3 6 12 14 18 19
380 380 4 6 14 18 19
381 381 11 0 1 2 3 4 6 12 14 15 18 19
382 382 8 3 4 6 12 14 15 18 19
383 383 7 0 6 14 15 16 18 19
384 384 13 0 1 2 3 4 5 6 11 12 14 15 18 19
385 385 9 0 1 4 6 12 14 15 18 19
386 386 9 1 2 3 4 6 12 14 18 19
387 387 10 1 3 4 6 12 14 15 16 18 19
388 388 11 0 1 2 3 4 6 12 14 15 18 19
389 389 9 1 2 4 6 12 14 15 18 19
390 390 6 1 12 14 15 18 19
391 391 9 0 1 4 5 12 14 15 18 19
392 392 13 0 1 2 3 4 5 6 12 14 15 16 18 19
393 393 10 0 1 2 6 12 14 15 16 18 19
394 394 6 0 14 15 16 18 19
395 395 12 0 1 3 4 5 6 12 14 15 16 18 19
396 396 8 2 3 4 6 14 15 18 19
397 397 9 1 2 4 6 12 14 15 18 19
398 398 8 1 3 4 6 12 14 18 19
399 399 14 0 1 2 3 4 5 6 11 12 14 15 16 18 19
400 400 6 0 1 6 12 18 19
401 401 7 1 2 3 4 6 15 18
402 402 10 0 2 3 4 6 11 14 15 18 19
403 403 6 0 4 6 12 14 19
404 404 5 6 12 14 18 19
405 405 10 1 2 3 4 6 12 14 15 18 19
406 406 9 0 1 4 6 12 14 15 18 19
407 407 10 0 1 3 4 12 14 15 16 18 19
408 408 10 0 2 3 4 6 14 15 16 18 19
409 409 9 1 2 4 6 12 13 14 18 19
410 410 8 0 1 6 12 14 15 18 19
411 411 11 0 2 3 4 6 11 12 14 15 18 19
412 412 6 3 6 12 14 18 19
413 413 13 0 1 2 3 4 6 11 12 14 15 16 18 19
414 414 11 0 2 3 4 6 12 14 15 16 18 19
415 415 11 0 1 2 4 6 12 14 15 16 18 19
416 416 10 0 1 2 3 6 12 14 15 18 19
417 417 9 0 1 4 6 12 14 16 18 19
418 418 11 0 1 2 6 11 12 14 15 16 18 19
419 419 8 0 1 6 12 14 16 18 19
420 420 12 0 1 2 3 4 6 12 14 15 16 18 19
421 421 10 0 2 4 6 12 14 15 16 18 19
422 422 10 0 1 3 4 12 14 15 16 18 19
423 423 6 0 1 6 12 18 19
424 424 10 0 1 2 6 12 14 15 16 18 19
425 425 12 0 1 2 3 4 6 12 14 15 16 18 19
426 426 5 6 12 14 18 19
427 427 12 0 2 3 4 5 6 12 14 15 16 18 19
428 428 12 0 1 2 3 4 6 12 14 15 16 18 19
429 429 8 1 2 6 12 14 15 18 19
430 430 8 0 4 6 12 14 15 18 19
431 431 9 0 3 4 5 6 12 14 18 19
432 432 10 0 1 4 6 12 14 15 16 18 19
433 433 12 0 1 2 3 4 6 12 14 15 16 18 19
434 434 6 0 4 6 12 14 19
435 435 11 0 1 3 4 6 12 14 15 16 18 19
436 436 10 0 1 2 4 6 12 14 15 18 19
437 437 11 0 1 2 3 4 5 6 12 14 18 19
438 438 4 6 14 18 19
439 439 6 3 6 14 15 18 19
440 440 10 0 3 5 6 11 14 15 16 18 19
441 441 8 2 4 5 6 12 14 18 19
442 442 9 0 1 3 4 12 14 15 18 19
443 443 8 0 3 4 14 15 16 18 19
444 444 10 0 2 4 6 11 12 14 15 18 19
445 445 12 0 1 2 3 4 6 11 12 14 15 18 19
446 446 10 0 1 3 6 11 12 14 15 18 19
447 447 10 0 1 2 6 12 14 15 16 18 19
448 448 4 3 4 14 18
449 449 9 0 1 6 11 12 14 15 18 19
450 450 6 3 4 14 15 18 19
451 451 8 0 1 4 12 14 15 18 19
452 452 8 1 3 4 6 12 14 18 19
453 453 12 0 1 2 4 5 6 12 14 15 16 18 19
454 454 8 0 6 11 12 14 15 18 19
455 455 10 0 1 2 3 6 12 13 14 18 19
456 456 8 2 3 4 6 14 15 18 19
457 457 7 0 2 6 14 16 18 19
458 458 9 1 2 6 12 14 15 16 18 19
459 459 8 1 4 6 12 14 15 18 19
460 460 12 0 1 2 3 4 6 12 14 15 16 18 19
461 461 7 0 2 4 11 14 18 19
462 462 7 0 6 12 14 16 18 19
463 463 3 14 18 19
464 464 10 0 1 3 4 6 12 14 15 18 19
465 465 9 0 1 3 4 12 14 15 18 19
466 466 8 2 4 5 6 14 15 18 19
467 467 9 0 1 4 6 12 14 16 18 19
468 468 4 0 1 12 18
469 469 7 0 4 6 12 14 18 19
470 470 7 1 2 3 6 12 14 18
471 471 8 1 2 6 12 14 15 18 19
472 472 10 0 1 4 5 6 12 14 15 18 19
473 473 5 3 4 5 14 18
474 474 2 15 18
475 475 7 0 6 12 14 16 18 19
476 476 7 0 1 6 12 14 18 19
477 477 7 4 6 12 14 15 18 19
478 478 6 3 4 14 15 18 19
479 479 4 2 13 14 19
480 480 6 1 6 12 14 18 19
481 481 7 2 4 6 14 15 18 19
482 482 10 1 2 3 4 6 12 14 15 18 19
483 483 10 0 1 3 4 6 12 14 15 18 19
484 484 12 0 1 2 3 4 6 12 14 15 16 18 19
485 485 5 2 6 13 14 19
486 486 10 0 1 2 3 4 5 6 12 14 18
487 487 6 6 12 14 15 18 19
488 488 10 0 1 3 4 11 12 14 16 18 19
489 489 12 0 1 2 3 4 6 12 14 15 16 18 19
490 490 7 1 3 4 12 14 18 19
491 491 7 1 3 4 5 12 14 18
492 492 6 1 6 12 14 18 19
493 493 4 3 4 14 18
494 494 12 0 1 2 3 4 6 12 14 15 16 18 19
495 495 9 1 3 4 6 12 14 15 18 19
496 496 11 0 1 3 4 6 12 14 15 16 18 19
497 497 9 0 4 6 12 14 15 16 18 19
498 498 9 0 1 3 4 12 14 15 18 19
499 499 8 0 2 6 14 15 16 18 19
500 500 10 0 1 3 4 6 12 14 15 18 19
501 501 8 1 2 6 12 13 14 18 19
502 502 10 0 1 2 3 4 6 12 14 18 19
503 503 9 0 2 3 6 14 15 16 18 19
504 504 7 0 6 11 14 16 18 19
505 505 11 0 1 2 3 4 6 12 14 16 18 19
506 506 5 1 2 6 12 18
507 507 10 0 1 2 3 4 12 14 15 18 19
508 508 7 0 4 12 14 15 18 19
509 509 10 1 2 3 4 6 12 14 15 18 19
510 510 7 0 1 4 5 12 14 18
511 511 5 0 1 12 15 18
512 512 7 1 4 12 14 15 18 19
513 513 5 2 6 14 18 19
514 514 9 0 1 3 4 12 14 15 18 19
515 515 5 6 12 15 18 19
516 516 8 0 3 4 14 15 16 18 19
517 517 10 0 1 2 5 6 12 14 16 18 19
518 518 8 0 3 4 14 15 16 18 19
519 519 10 0 1 2 6 12 14 15 16 18 19
520 520 11 0 1 2 4 6 12 13 14 15 18 19
521 521 5 1 12 14 18 19
522 522 10 0 1 2 3 4 6 12 14 15 18
523 523 6 2 4 6 14 18 19
524 524 8 2 3 4 6 14 15 18 19
525 525 6 0 1 2 6 14 18
526 526 7 3 6 12 14 15 18 19
527 527 10 0 1 3 4 6 11 12 14 18 19
528 528 6 2 6 14 15 18 19
529 529 8 0 6 12 14 15 16 18 19
530 530 7 1 6 12 14 15 18 19
531 531 8 0 3 4 6 12 14 18 19
532 532 7 4 5 6 14 15 18 19
533 533 9 0 1 3 4 14 15 16 18 19
534 534 8 0 1 4 12 14 15 18 19
535 535 8 0 3 4 12 14 16 18 19
536 536 9 0 2 3 4 6 11 14 18 19
537 537 6 0 1 6 12 14 18
538 538 10 1 2 3 4 5 6 12 14 18 19
539 539 7 0 3 4 5 11 14 18
540 540 4 3 14 18 19
541 541 10 0 2 4 5 6 14 15 16 18 19
542 542 9 0 3 4 6 12 14 15 18 19
543 543 12 0 1 2 3 4 6 11 12 14 15 18 19
544 544 12 0 1 2 3 4 5 6 12 14 15 18 19
545 545 8 1 2 12 14 15 16 18 19
546 546 10 0 2 4 6 12 14 15 16 18 19
547 547 7 3 4 6 14 15 18 19
548 548 7 0 1 6 12 14 18 19
549 549 8 2 3 6 12 14 15 18 19
550 550 8 0 4 5 6 12 14 18 19
551 551 9 0 1 3 4 6 12 14 18 19
552 552 9 0 3 4 6 12 14 16 18 19
553 553 9 0 1 2 4 6 12 14 18 19
554 554 3 14 18 19
555 555 5 3 4 14 15 18
556 556 11 0 2 3 4 6 11 14 15 16 18 19
557 557 9 1 3 4 6 12 14 15 18 19
558 558 5 3 4 14 18 19
559 559 8 2 3 4 5 6 14 15 18
560 560 12 0 2 3 4 5 6 12 14 15 16 18 19
561 561 8 2 4 6 13 14 15 18 19
562 562 9 0 1 6 12 14 15 16 18 19
563 563 9 0 4 6 12 14 15 16 18 19
564 564 3 14 18 19
565 565 7 2 3 6 14 15 18 19
566 566 5 6 12 14 18 19
567 567 8 0 1 6 12 14 15 18 19
568 568 9 0 1 5 6 12 14 15 18 19
569 569 12 0 1 2 4 6 12 13 14 15 16 18 19
570 570 9 1 2 3 6 12 14 15 18 19
571 571 7 0 3 4 14 16 18 19
572 572 7 0 1 4 12 14 18 19
573 573 8 1 4 12 14 15 16 18 19
574 574 5 4 5 14 15 18
575 575 11 0 1 2 3 4 6 12 14 15 18 19
576 576 7 0 2 11 13 14 18 19
577 577 10 0 1 2 3 6 12 14 15 18 19
578 578 10 0 1 3 4 6 12 14 15 18 19
579 579 8 0 1 6 11 12 15 18 19
580 580 8 0 1 6 12 14 16 18 19
581 581 12 0 1 2 3 4 6 12 14 15 16 18 19
582 582 9 0 3 4 6 12 14 15 18 19
583 583 7 2 3 6 12 14 18 19
584 584 6 0 6 14 16 18 19
585 585 11 0 2 3 4 6 12 13 14 15 18 19
586 586 5 3 4 14 15 18
587 587 11 0 1 3 4 5 12 14 15 16 18 19
588 588 10 1 2 3 4 6 12 14 15 18 19
589 589 10 0 1 2 4 6 12 14 15 18 19
590 590 8 1 3 4 12 14 15 18 19
591 591 6 1 4 14 15 18 19
592 592 5 2 6 14 18 19
593 593 10 0 2 3 4 6 12 14 16 18 19
594 594 12 0 1 2 3 4 6 12 14 15 16 18 19
595 595 8 1 2 6 12 14 15 18 19
596 596 11 0 1 2 3 4 6 12 14 15 18 19
597 597 10 0 1 4 5 11 12 14 15 18 19
598 598 8 3 4 6 12 14 15 18 19
599 599 12 0 2 3 4 6 11 12 14 15 16 18 19
600 600 11 0 1 3 4 6 12 14 15 16 18 19
601 601 9 0 3 4 6 12 14 15 18 19
602 602 9 0 3 4 6 14 15 16 18 19
603 603 7 0 2 12 14 16 18 19
604 604 8 0 4 6 14 15 16 18 19
605 605 7 2 6 11 12 14 18 19
606 606 5 3 4 14 18 19
607 607 8 0 4 6 12 14 15 18 19
608 608 8 0 4 6 12 14 15 18 19
609 609 8 0 1 3 12 14 16 18 19
610 610 9 0 1 6 12 14 15 16 18 19
611 611 10 0 1 2 4 6 12 14 15 18 19
612 612 12 0 1 2 3 4 6 11 12 14 15 18 19
613 613 10 0 1 5 6 11 12 14 15 18 19
614 614 10 0 2 6 12 13 14 15 16 18 19
615 615 7 3 4 6 12 14 18 19
616 616 7 1 4 6 12 14 18 19
617 617 3 3 15 18
618 618 5 3 4 14 18 19
619 619 9 0 1 6 11 12 14 16 18 19
620 620 8 0 1 6 12 14 16 18 19
621 621 6 6 12 14 15 18 19
622 622 7 2 6 12 14 15 18 19
623 623 8 3 4 6 14 15 16 18 19
624 624 11 0 1 2 3 6 12 14 15 16 18 19
625 625 8 0 4 6 12 14 15 18 19
626 626 8 0 1 2 6 12 14 15 18
627 627 11 0 1 3 4 6 12 14 15 16 18 19
628 628 5 2 6 14 18 19
629 629 8 1 3 4 12 14 15 18 19
630 630 9 0 1 3 6 12 14 15 18 19
631 631 11 0 2 3 4 6 12 14 15 16 18 19
632 632 8 0 1 4 6 12 14 18 19
633 633 8 0 1 2 3 12 14 15 18
634 634 5 6 14 15 18 19
635 635 13 0 1 2 3 4 5 6 12 14 15 16 18 19
636 636 10 0 1 2 4 6 12 14 15 18 19
637 637 13 0 1 2 3 4 6 12 13 14 15 16 18 19
638 638 8 0 4 12 14 15 16 18 19
639 639 6 6 12 14 15 18 19
640 640 8 0 1 6 12 14 16 18 19
641 641 7 1 2 6 12 14 18 19
642 642 8 4 5 6 12 14 15 18 19
643 643 8 0 1 3 12 14 15 18 19
644 644 7 1 12 14 15 16 18 19
645 645 9 0 1 2 3 12 14 15 18 19
646 646 6 2 6 14 15 18 19
647 647 8 0 4 6 12 14 15 18 19
648 648 10 0 2 3 6 11 12 13 14 18 19
649 649 8 3 6 12 14 15 16 18 19
650 650 6 0 14 15 16 18 19
651 651 10 0 1 3 4 5 12 14 15 18 19
652 652 10 2 3 4 5 6 13 14 15 18 19
653 653 9 0 1 2 4 6 12 14 18 19
654 654 8 0 1 4 12 14 16 18 19
655 655 6 1 3 12 14 18 19
656 656 6 2 6 14 15 18 19
657 657 8 0 1 6 12 14 15 18 19
658 658 9 0 1 6 12 14 15 16 18 19
659 659 7 1 6 12 14 15 18 19
660 660 14 0 1 2 3 4 5 6 11 12 14 15 16 18 19
661 661 8 0 1 3 4 12 14 15 18
662 662 9 1 3 4 6 12 14 15 18 19
663 663 10 0 1 3 6 12 14 15 16 18 19
664 664 11 0 1 2 4 6 12 13 14 15 18 19
665 665 9 2 3 4 6 12 14 15 18 19
666 666 8 1 6 11 12 14 15 18 19
667 667 8 0 1 4 6 12 14 18 19
668 668 7 0 1 4 12 14 18 19
669 669 8 2 3 4 6 14 15 18 19
670 670 9 0 2 3 4 6 14 16 18 19
671 671 7 2 3 6 12 14 18 19
672 672 9 0 1 2 6 12 14 15 18 19
673 673 12 0 1 2 4 6 11 12 14 15 16 18 19
674 674 8 3 4 6 12 14 15 18 19
675 675 6 0 6 12 14 18 19
676 676 12 0 1 2 3 4 6 12 13 14 16 18 19
677 677 9 0 1 3 6 12 14 15 18 19
678 678 8 0 1 6 12 14 15 18 19
679 679 7 1 6 12 14 15 18 19
680 680 8 0 1 4 12 14 16 18 19
681 681 3 4 14 19
682 682 11 0 1 2 6 12 13 14 15 16 18 19
683 683 10 1 2 3 4 6 12 14 15 18 19
684 684 11 0 1 2 3 4 6 12 14 15 18 19
685 685 6 1 2 12 13 15 19
686 686 7 0 1 6 12 14 18 19
687 687 6 2 3 6 14 18 19
688 688 7 1 6 12 14 15 18 19
689 689 5 1 12 14 15 19
690 690 11 0 2 3 4 6 12 13 14 16 18 19
691 691 8 0 1 2 3 6 12 14 18
692 692 5 3 4 14 15 18
693 693 8 3 4 6 12 14 15 18 19
694 694 8 0 1 2 4 6 14 16 19
695 695 11 0 1 3 4 5 6 12 14 15 18 19
696 696 9 1 2 11 12 13 14 15 18 19
697 697 9 0 1 3 4 6 14 16 18 19
698 698 10 0 1 4 6 12 14 15 16 18 19
699 699 9 0 1 2 6 12 14 15 18 19
700 700 8 2 3 4 6 14 15 18 19
701 701 9 0 2 4 6 12 14 15 18 19
702 702 9 0 1 2 6 12 14 15 18 19
703 703 11 0 1 2 6 11 12 14 15 16 18 19
704 704 10 0 1 3 4 11 12 14 15 18 19
705 705 9 0 2 3 4 13 14 16 18 19
706 706 10 0 1 3 4 6 12 14 15 18 19
707 707 9 0 1 3 6 12 14 16 18 19
708 708 6 6 12 14 15 18 19
709 709 5 2 3 6 14 18
710 710 10 0 1 2 3 4 6 14 15 18 19
711 711 8 0 1 11 12 14 15 18 19
712 712 11 0 1 2 3 4 6 12 14 15 18 19
713 713 3 2 6 14
714 714 8 0 2 6 11 14 15 18 19
715 715 9 3 4 5 6 12 14 15 18 19
716 716 10 0 1 3 4 6 12 14 15 18 19
717 717 9 0 2 3 4 6 14 16 18 19
718 718 11 0 2 4 5 6 12 14 15 16 18 19
719 719 11 0 1 2 3 4 6 12 14 15 18 19
720 720 8 0 1 2 6 12 14 15 18
721 721 8 0 2 4 6 14 16 18 19
722 722 8 1 2 6 12 14 15 18 19
723 723 10 0 1 4 6 11 12 14 15 18 19
724 724 6 0 6 14 16 18 19
725 725 6 2 4 6 14 18 19
726 726 9 0 1 3 4 12 14 15 18 19
727 727 8 0 2 4 6 12 14 18 19
728 728 4 4 14 18 19
729 729 9 0 2 6 12 14 15 16 18 19
730 730 6 1 11 12 14 18 19
731 731 4 14 15 18 19
732 732 5 0 1 12 15 18
733 733 9 0 1 2 6 12 14 16 18 19
734 734 11 0 1 3 4 6 12 14 15 16 18 19
735 735 10 0 3 4 6 12 14 15 16 18 19
736 736 5 3 4 12 14 18
737 737 8 0 1 3 4 12 14 18 19
738 738 10 0 2 4 5 6 14 15 16 18 19
739 739 11 0 1 2 3 4 6 12 14 16 18 19
740 740 4 0 14 16 19
741 741 6 0 3 4 14 18 19
742 742 8 0 3 4 11 14 15 18 19
743 743 3 3 4 18
744 744 6 2 6 12 14 18 19
745 745 12 0 1 2 3 4 6 12 14 15 16 18 19
746 746 8 0 1 4 12 14 16 18 19
747 747 9 1 2 6 12 13 14 15 18 19
748 748 13 0 1 2 4 5 6 12 13 14 15 16 18 19
749 749 7 0 1 3 4 12 14 18
750 750 4 2 6 14 15
751 751 6 2 6 14 15 18 19
752 752 6 2 3 6 14 15 18
753 753 8 1 2 6 12 14 15 18 19
754 754 10 1 2 3 4 6 12 14 15 18 19
755 755 8 0 4 6 12 14 15 18 19
756 756 8 1 2 6 12 14 15 18 19
757 757 8 0 3 4 14 15 16 18 19
758 758 7 0 1 12 14 16 18 19
759 759 12 0 1 2 3 4 6 12 14 15 16 18 19
760 760 10 0 1 2 12 13 14 15 16 18 19
761 761 9 0 2 4 6 14 15 16 18 19
762 762 6 1 6 12 14 18 19
763 763 4 1 12 14 19
764 764 7 0 2 6 14 16 18 19
765 765 10 0 1 2 6 12 14 15 16 18 19
766 766 9 0 3 4 6 12 14 15 18 19
767 767 8 1 3 4 6 12 14 18 19
768 768 9 1 2 3 12 13 14 15 18 19
769 769 10 1 2 3 4 12 13 14 15 18 19
770 770 8 0 1 6 12 14 15 18 19
771 771 10 0 3 4 6 12 14 15 16 18 19
772 772 4 1 12 18 19
773 773 7 1 3 4 12 14 18 19
774 774 10 0 1 2 4 6 12 14 15 18 19
775 775 12 0 1 2 3 4 6 12 14 15 16 18 19
776 776 3 2 6 14
777 777 10 0 1 4 5 6 12 14 16 18 19
778 778 9 0 1 3 12 14 15 16 18 19
779 779 9 0 1 6 12 14 15 16 18 19
780 780 6 1 12 14 15 18 19
781 781 10 2 3 4 6 11 12 14 15 18 19
782 782 9 1 3 4 6 12 14 15 18 19
783 783 7 0 1 4 6 12 14 19
784 784 8 0 1 12 14 15 16 18 19
785 785 8 0 1 3 6 12 14 18 19
786 786 7 1 3 4 12 14 18 19
787 787 5 6 12 14 18 19
788 788 9 0 1 2 6 12 14 15 18 19
789 789 10 0 1 2 3 6 12 14 16 18 19
790 790 8 1 2 6 12 14 15 18 19
791 791 5 3 4 14 15 18
792 792 8 0 1 3 12 14 15 18 19
793 793 8 3 4 6 12 14 15 18 19
794 794 4 14 15 18 19
795 795 4 0 1 12 18
796 796 8 0 4 6 11 12 14 18 19
797 797 10 0 1 3 4 6 12 14 16 18 19
798 798 6 6 12 14 15 18 19
799 799 7 0 2 6 12 14 15 18
800 800 9 0 1 3 4 12 14 15 18 19
801 801 9 0 3 4 6 12 14 15 18 19
802 802 10 0 1 3 4 6 12 14 15 18 19
803 803 5 0 1 12 18 19
804 804 9 0 1 4 6 12 14 15 18 19
805 805 11 0 2 3 4 6 12 14 15 16 18 19
806 806 8 2 3 6 11 14 15 18 19
807 807 6 1 3 4 12 14 18
808 808 13 0 1 3 4 5 6 11 12 14 15 16 18 19
809 809 12 0 1 2 3 4 6 12 14 15 16 18 19
810 810 10 0 1 2 4 6 12 13 14 18 19
811 811 9 0 1 2 4 12 14 15 18 19
812 812 7 0 1 12 14 15 18 19
813 813 5 0 2 6 14 16
814 814 12 0 1 2 3 4 6 12 14 15 16 18 19
815 815 8 1 3 4 12 14 15 18 19
816 816 5 2 6 14 18 19
817 817 10 0 1 2 6 12 14 15 16 18 19
818 818 12 0 1 2 3 4 5 6 12 14 15 18 19
819 819 9 0 1 4 5 12 14 15 18 19
820 820 12 0 1 2 3 4 6 12 14 15 16 18 19
821 821 7 0 1 4 6 12 14 19
822 822 9 0 2 4 6 14 15 16 18 19
823 823 9 0 1 2 4 6 12 14 18 19
824 824 8 0 2 6 14 15 16 18 19
825 825 10 0 1 6 11 12 14 15 16 18 19
826 826 10 0 1 4 6 11 12 14 15 18 19
827 827 6 3 6 14 15 18 19
828 828 9 0 3 6 11 14 15 16 18 19
829 829 6 6 12 14 15 18 19
830 830 10 0 1 3 4 6 12 14 16 18 19
831 831 7 0 6 11 14 15 18 19
832 832 10 0 2 3 4 6 11 14 16 18 19
833 833 4 0 1 12 18
834 834 11 1 2 4 5 6 11 12 14 15 18 19
835 835 8 0 4 6 11 14 15 18 19
836 836 5 0 14 16 18 19
837 837 8 0 1 3 11 12 14 18 19
838 838 8 2 3 4 6 12 14 18 19
839 839 6 1 12 14 15 18 19
840 840 8 0 1 3 4 14 16 18 19
841 841 5 3 12 14 18 19
842 842 7 0 1 12 14 15 18 19
843 843 7 4 6 12 14 15 18 19
844 844 10 0 1 2 6 12 14 15 16 18 19
845 845 8 0 3 4 6 12 14 18 19
846 846 4 0 4 6 12
847 847 9 1 4 6 12 14 15 16 18 19
848 848 4 3 4 14 18
849 849 4 3 4 14 18
850 850 11 0 1 2 4 5 6 12 14 15 18 19
851 851 4 3 4 14 18
852 852 7 2 4 6 14 15 18 19
853 853 9 0 1 4 6 12 14 15 18 19
854 854 5 3 4 14 15 18
855 855 9 0 1 3 4 12 14 15 18 19
856 856 6 0 1 12 14 16 19
857 857 8 0 1 6 12 14 15 18 19
858 858 7 1 6 12 14 15 18 19
859 859 6 1 12 14 15 18 19
860 860 4 6 12 18 19
861 861 11 0 1 2 3 4 6 12 14 15 18 19
862 862 11 0 1 2 6 12 13 14 15 16 18 19
863 863 12 0 1 2 3 4 6 12 14 15 16 18 19
864 864 7 2 3 4 6 14 15 18
865 865 10 1 2 3 4 6 12 14 15 18 19
866 866 8 0 1 2 6 12 14 15 18
867 867 8 1 4 6 12 14 15 18 19
868 868 9 0 3 4 5 14 15 16 18 19
869 869 6 1 3 12 14 18 19
870 870 11 0 2 3 4 5 6 14 15 16 18 19
871 871 11 0 1 2 3 4 6 12 14 15 18 19
872 872 7 0 1 3 12 14 15 18
873 873 8 0 1 2 6 12 14 18 19
874 874 8 1 4 6 12 14 15 18 19
875 875 8 0 4 5 6 12 14 18 19
876 876 10 1 2 3 4 6 12 14 16 18 19
877 877 7 1 4 6 12 14 18 19
878 878 9 0 1 2 6 12 14 16 18 19
879 879 7 0 1 12 14 15 18 19
880 880 8 3 4 6 12 14 15 18 19
881 881 10 0 2 3 4 6 12 14 15 18 19
882 882 8 0 2 4 6 12 14 18 19
883 883 9 0 1 3 4 6 12 14 18 19
884 884 8 0 1 3 4 12 14 18 19
885 885 12 0 1 2 3 4 6 12 14 15 16 18 19
886 886 11 0 2 3 4 6 12 14 15 16 18 19
887 887 8 0 3 6 12 14 16 18 19
888 888 7 0 6 12 14 15 18 19
889 889 8 0 1 6 12 14 16 18 19
890 890 6 0 1 11 12 18 19
891 891 8 0 4 6 12 14 15 18 19
892 892 7 1 4 5 12 14 18 19
893 893 8 1 2 6 12 14 15 18 19
894 894 10 0 1 2 6 12 14 15 16 18 19
895 895 7 0 6 12 14 16 18 19
896 896 6 1 12 14 15 18 19
897 897 11 0 1 2 6 11 12 14 15 16 18 19
898 898 7 0 6 14 15 16 18 19
899 899 8 0 1 6 12 14 15 18 19
900 900 9 0 2 4 6 12 13 14 18 19
901 901 7 0 6 12 14 16 18 19
902 902 10 0 1 3 4 6 12 14 16 18 19
903 903 9 0 2 3 13 14 15 16 18 19
904 904 9 0 1 2 6 12 14 15 18 19
905 905 7 2 4 6 12 14 18 19
906 906 6 4 11 14 15 18 19
907 907 8 0 1 4 6 12 14 18 19
908 908 10 0 1 2 4 6 12 14 16 18 19
909 909 11 0 2 3 4 6 13 14 15 16 18 19
910 910 9 0 4 6 12 14 15 16 18 19
911 911 9 0 3 4 6 12 14 15 18 19
912 912 5 0 14 16 18 19
913 913 4 0 14 18 19
914 914 8 0 1 3 6 12 14 18 19
915 915 12 0 1 2 3 4 6 11 12 14 15 18 19
916 916 8 1 2 6 12 14 15 18 19
917 917 9 1 2 4 6 12 14 15 18 19
918 918 6 1 12 14 15 18 19
919 919 10 0 3 4 6 11 12 14 15 18 19
920 920 5 0 14 16 18 19
921 921 8 0 1 4 12 14 15 18 19
922 922 8 0 1 4 12 14 15 18 19
923 923 8 1 4 5 6 12 14 18 19
924 924 11 0 1 2 4 6 12 14 15 16 18 19
925 925 7 0 4 6 12 14 16 19
926 926 8 0 1 4 6 12 14 18 19
927 927 9 0 2 3 4 6 12 14 18 19
928 928 11 0 1 3 4 6 12 14 15 16 18 19
929 929 7 0 1 4 5 12 14 18
930 930 9 0 1 4 6 12 14 16 18 19
931 931 11 0 1 2 4 6 12 14 15 16 18 19
932 932 12 0 1 2 3 4 6 12 14 15 16 18 19
933 933 9 0 2 4 6 12 14 16 18 19
934 934 4 4 5 14 18
935 935 8 0 1 2 12 14 15 18 19
936 936 9 0 2 3 6 11 14 15 18 19
937 937 4 4 14 18 19
938 938 6 1 6 12 14 18 19
939 939 7 0 1 11 12 14 18 19
940 940 9 1 2 6 12 13 14 15 18 19
941 941 7 2 6 12 14 15 18 19
942 942 4 14 15 18 19
943 943 9 1 4 6 11 12 14 15 18 19
944 944 4 1 12 14 19
945 945 8 1 4 6 12 14 15 18 19
946 946 3 14 18 19
947 947 10 0 3 4 5 6 14 15 16 18 19
948 948 10 0 1 2 3 4 6 12 14 15 18
949 949 9 0 2 4 6 12 14 15 18 19
950 950 10 0 2 3 6 12 14 15 16 18 19
951 951 11 0 1 3 4 6 12 14 15 16 18 19
952 952 11 0 3 4 5 6 11 12 14 15 18 19
953 953 8 1 2 6 12 14 15 18 19
954 954 9 0 1 4 5 12 14 15 18 19
955 955 7 2 5 6 14 15 18 19
956 956 4 3 4 14 18
957 957 12 0 1 2 4 6 11 12 14 15 16 18 19
958 958 10 0 2 4 6 12 14 15 16 18 19
959 959 8 0 1 3 12 14 15 18 19
960 960 10 1 2 3 6 11 12 14 15 18 19
961 961 6 1 4 12 14 18 19
962 962 8 0 1 2 12 13 14 18 19
963 963 5 0 1 12 14 19
964 964 12 0 1 3 4 6 11 12 14 15 16 18 19
965 965 6 0 14 15 16 18 19
966 966 5 0 1 12 15 18
967 967 10 0 1 3 6 12 14 15 16 18 19
968 968 3 4 14 19
969 969 12 0 1 2 3 4 6 12 14 15 16 18 19
970 970 10 0 1 2 3 6 12 14 15 18 19
971 971 3 3 4 18
972 972 3 0 1 18
973 973 8 2 4 6 12 14 15 18 19
974 974 10 0 4 5 6 12 14 15 16 18 19
975 975 6 0 1 12 14 18 19
976 976 12 0 1 2 3 4 6 12 14 15 16 18 19
977 977 12 0 1 2 3 4 6 12 14 15 16 18 19
978 978 12 0 1 2 3 4 6 12 14 15 16 18 19
979 979 11 0 3 4 6 11 12 14 15 16 18 19
980 980 6 0 1 12 14 18 19
981 981 8 3 4 6 12 14 15 18 19
982 982 10 0 1 6 11 12 14 15 16 18 19
983 983 6 2 6 14 15 18 19
984 984 9 3 4 6 12 13 14 15 18 19
985 985 8 1 2 6 12 14 15 18 19
986 986 10 0 1 3 6 12 14 15 16 18 19
987 987 9 0 1 6 12 14 15 16 18 19
988 988 7 0 3 4 14 16 18 19
989 989 6 1 12 14 15 18 19
990 990 8 0 4 6 12 14 15 18 19
991 991 5 0 1 12 15 18
992 992 3 14 18 19
993 993 5 1 12 14 18 19
994 994 12 0 2 3 4 6 11 12 14 15 16 18 19
995 995 9 0 1 6 12 14 15 16 18 19
996 996 10 0 1 2 4 6 12 14 15 18 19
997 997 9 2 3 4 5 6 13 14 18 19
998 998 4 14 15 18 19
999 999 6 0 4 6 12 14 19
1000 1000 9 2 3 4 5 6 12 14 18 19
